Min profit:

       divp  jmap  jmaph  sample  min_profit  test_profit  clean_test_profit           TOT        AVG         PF         SR             T      VAL_TOT    VAL_AVG     VAL_PF     VAL_SR         VAL_T
mean    2.0   5.0  100.0     2.0         0.0     0.133269           0.133269  17898.803703   0.298596   1.278613  64.682236  59943.200000  3071.437577   0.256148   1.212114  64.724979  11990.900000
mean    5.0   5.0  100.0     2.0         0.0     0.216614           0.216614  22241.901161   0.371065   1.314035  63.560875  59940.500000  3156.495142   0.263316   1.195605  63.381354  11987.600000
mean    5.0   5.0  100.0     2.0         0.2     0.224570           0.024570  23378.252046   0.390813   1.402493  60.867277  59809.000000  2726.521624   0.227875   1.198502  59.721492  11962.900000
mean    5.0   5.0  100.0     2.0         0.4     0.355901          -0.044099   8430.940052   0.159286   1.453170  60.186849  53010.400000   676.862270   0.061446   1.137600  58.508196  11003.600000
mean    5.0   5.0  100.0     2.0         0.5     0.462000          -0.038000   9124.060167   0.233635   1.617545  59.760187  39409.700000   660.530090   0.073674   1.164368  57.631815   9005.500000







------------------------

sample

       divp  jmap  jmaph  sample  min_profit  test_profit  clean_test_profit           TOT        AVG         PF         SR             T      VAL_TOT    VAL_AVG     VAL_PF     VAL_SR         VAL_T
mean    5.0   5.0  100.0     6.0         0.0     0.086665           0.086665  22450.865400   0.374600   1.228656  59.997922  59933.700000  2495.086521   0.208300   1.112470  59.567571  11979.000000
mean    2.0   5.0  100.0     6.0         0.0     0.088937           0.088937  20063.094310   0.334702   1.243428  62.114820  59943.300000  2280.557011   0.190194   1.119497  61.509624  11990.300000
mean    2.0   5.0  100.0    12.0         0.0     0.046669           0.046669  28464.384556   0.474856   1.204851  60.043166  59945.600000  6014.885023   0.501670   1.204227  59.838341  11991.100000 (10x)
mean    2.0   5.0  100.0    12.0         0.0     0.043579           0.043579  24994.941736   0.419956   1.181953  60.354014  59757.080000  4762.352074   0.398288   1.171086  59.831636  11939.28000  (50x)
mean    2.0   5.0  100.0    24.0         0.0     0.021402           0.021402  43595.118002   0.739614   1.246625  59.650198  59283.820000  9496.793770   0.802519   1.271904  59.015739  11871.600000 (50x)
mean    2.0   5.0  100.0    24.0         0.0     0.020787           0.020787  42816.814485   0.751473   1.240803  59.017341  58455.320000  10268.235140  0.927370   1.300605  58.694756  11700.820000 (50x) (min pf 0.8)


SUMMARY:
       divp  jmap  jmaph  sample  min_profit  test_profit  clean_test_profit           TOT        AVG         PF         SR             T       VAL_TOT    VAL_AVG     VAL_PF     VAL_SR         VAL_T
count  50.0  50.0   50.0    50.0        50.0    50.000000          50.000000     50.000000  50.000000  50.000000  50.000000     50.000000     50.000000  50.000000  50.000000  50.000000     50.000000
mean    2.0   5.0  100.0    24.0         0.0     0.020787           0.020787  42816.814485   0.751473   1.240803  59.017341  58455.320000  10268.235140   0.927370   1.300605  58.694756  11700.820000
std     0.0   0.0    0.0     0.0         0.0     0.031375           0.031375  20234.191288   0.415377   0.106447   4.173871   4978.510295   6133.668854   0.801389   0.172276   4.387675   1037.109793
min     2.0   5.0  100.0    24.0         0.0    -0.068635          -0.068635 -27808.765700  -0.464029   0.852569  45.799196  27529.000000  -7835.878358  -0.653698   0.811525  46.141653   5434.000000
25%     2.0   5.0  100.0    24.0         0.0     0.006975           0.006975  37181.280099   0.620581   1.219187  56.571895  59593.500000   8698.876515   0.738609   1.242465  55.858596  11946.500000
50%     2.0   5.0  100.0    24.0         0.0     0.025318           0.025318  47070.100376   0.786593   1.271830  58.980240  59855.500000  11159.848681   0.957373   1.328478  58.957321  11969.500000
75%     2.0   5.0  100.0    24.0         0.0     0.041878           0.041878  55045.988329   0.933201   1.308529  62.359374  59902.500000  13500.640765   1.130680   1.381193  61.334361  11984.000000
max     2.0   5.0  100.0    24.0         0.0     0.068553           0.068553  77041.266985   2.329953   1.370816  65.691950  59939.000000  29768.646887   5.478220   1.686703  65.662483  11994.000000


